   2.8000000e+02   4.1300000e+02
   2.4100000e+02   3.9800000e+02
   2.2000000e+02   3.7300000e+02
   2.0100000e+02   3.2000000e+02
   1.9700000e+02   2.5700000e+02
   2.1400000e+02   2.0200000e+02
   2.5400000e+02   1.6200000e+02
   3.2000000e+02   1.6300000e+02
   3.6100000e+02   2.0500000e+02
   3.7200000e+02   2.5500000e+02
   3.6900000e+02   3.2200000e+02
   3.4400000e+02   3.7200000e+02
   3.2100000e+02   3.9600000e+02
   1.9300000e+02   3.1800000e+02
   1.8600000e+02   2.8800000e+02
   1.9100000e+02   2.6500000e+02
   1.6600000e+02   2.3700000e+02
   1.9300000e+02   1.4200000e+02
   2.5100000e+02   9.3000000e+01
   3.4400000e+02   9.2000000e+01
   4.0200000e+02   1.3900000e+02
   4.3700000e+02   2.3300000e+02
   3.8400000e+02   2.6100000e+02
   3.8900000e+02   2.9000000e+02
   3.7900000e+02   3.2300000e+02
   2.4100000e+02   2.6700000e+02
   3.2100000e+02   2.7200000e+02
   2.1200000e+02   2.4500000e+02
   2.3600000e+02   2.4200000e+02
   2.5600000e+02   2.4800000e+02
   3.0400000e+02   2.5000000e+02
   3.2600000e+02   2.4600000e+02
   3.4900000e+02   2.5200000e+02
   2.8000000e+02   2.6900000e+02
   2.5800000e+02   3.2400000e+02
   2.7800000e+02   3.3000000e+02
   2.9800000e+02   3.2500000e+02
   2.4200000e+02   3.4800000e+02
   2.8000000e+02   3.5000000e+02
   3.1600000e+02   3.4600000e+02
   2.5600000e+02   3.6700000e+02
   2.7900000e+02   3.7900000e+02
   3.0300000e+02   3.6800000e+02
