   2.9000000e+02   3.9600000e+02
   2.5300000e+02   3.8000000e+02
   2.3700000e+02   3.5800000e+02
   2.1600000e+02   3.2300000e+02
   2.0700000e+02   2.6600000e+02
   2.1600000e+02   2.0300000e+02
   2.4900000e+02   1.7000000e+02
   3.1100000e+02   1.6500000e+02
   3.6400000e+02   2.1100000e+02
   3.7900000e+02   2.5200000e+02
   3.7700000e+02   3.0700000e+02
   3.5600000e+02   3.5600000e+02
   3.2400000e+02   3.8100000e+02
   2.0900000e+02   3.1200000e+02
   2.0200000e+02   2.9100000e+02
   2.0200000e+02   2.6800000e+02
   1.7300000e+02   2.0900000e+02
   1.9600000e+02   1.3100000e+02
   2.5200000e+02   7.2000000e+01
   3.5600000e+02   7.2000000e+01
   4.2500000e+02   1.3300000e+02
   4.4200000e+02   2.0600000e+02
   4.0800000e+02   2.4400000e+02
   4.0200000e+02   2.8000000e+02
   3.8400000e+02   3.1700000e+02
   2.3800000e+02   2.5900000e+02
   3.1100000e+02   2.5800000e+02
   2.1000000e+02   2.3700000e+02
   2.2400000e+02   2.3400000e+02
   2.5000000e+02   2.4200000e+02
   2.8900000e+02   2.3900000e+02
   3.1500000e+02   2.3100000e+02
   3.3900000e+02   2.3500000e+02
   2.6700000e+02   2.5900000e+02
   2.5000000e+02   3.1300000e+02
   2.6800000e+02   3.1900000e+02
   2.9400000e+02   3.1000000e+02
   2.4600000e+02   3.3500000e+02
   2.7600000e+02   3.3600000e+02
   3.1600000e+02   3.3200000e+02
   2.5500000e+02   3.4700000e+02
   2.7700000e+02   3.6100000e+02
   3.0200000e+02   3.5100000e+02
