   2.8200000e+02   4.0500000e+02
   2.4600000e+02   3.8300000e+02
   2.3200000e+02   3.6200000e+02
   2.1200000e+02   3.1400000e+02
   2.0100000e+02   2.6000000e+02
   2.1100000e+02   2.0300000e+02
   2.5100000e+02   1.6200000e+02
   3.1700000e+02   1.5900000e+02
   3.5800000e+02   1.9800000e+02
   3.7900000e+02   2.4300000e+02
   3.7800000e+02   3.0300000e+02
   3.6100000e+02   3.5300000e+02
   3.2600000e+02   3.8900000e+02
   2.0500000e+02   3.1200000e+02
   1.9700000e+02   2.8800000e+02
   1.9500000e+02   2.6700000e+02
   1.8200000e+02   1.9700000e+02
   1.9900000e+02   1.2600000e+02
   2.4300000e+02   6.8000000e+01
   3.3600000e+02   5.7000000e+01
   3.9000000e+02   1.2000000e+02
   4.1600000e+02   2.0500000e+02
   4.0100000e+02   2.4100000e+02
   4.0500000e+02   2.7000000e+02
   3.8700000e+02   3.0300000e+02
   2.3700000e+02   2.6300000e+02
   3.1300000e+02   2.6000000e+02
   2.0800000e+02   2.4200000e+02
   2.2800000e+02   2.3900000e+02
   2.4900000e+02   2.4500000e+02
   2.9000000e+02   2.4300000e+02
   3.1200000e+02   2.3600000e+02
   3.4000000e+02   2.3600000e+02
   2.7400000e+02   2.6100000e+02
   2.5400000e+02   3.1600000e+02
   2.7300000e+02   3.2200000e+02
   2.9700000e+02   3.1500000e+02
   2.4800000e+02   3.4000000e+02
   2.8000000e+02   3.4200000e+02
   3.2200000e+02   3.4000000e+02
   2.5800000e+02   3.5400000e+02
   2.8000000e+02   3.6900000e+02
   3.0700000e+02   3.5600000e+02
