   3.0300000e+02   3.8700000e+02
   2.6900000e+02   3.7000000e+02
   2.4600000e+02   3.4700000e+02
   2.2700000e+02   3.0200000e+02
   2.2200000e+02   2.5100000e+02
   2.3500000e+02   1.8000000e+02
   2.8000000e+02   1.4000000e+02
   3.4700000e+02   1.3700000e+02
   3.9400000e+02   1.7800000e+02
   4.0400000e+02   2.4300000e+02
   3.9300000e+02   3.1500000e+02
   3.7300000e+02   3.4400000e+02
   3.4300000e+02   3.7200000e+02
   2.1600000e+02   2.9400000e+02
   2.0900000e+02   2.6800000e+02
   2.1600000e+02   2.3400000e+02
   1.8400000e+02   1.8900000e+02
   2.1500000e+02   1.2600000e+02
   2.6200000e+02   7.2000000e+01
   3.6900000e+02   7.3000000e+01
   4.2000000e+02   1.3000000e+02
   4.3800000e+02   2.0300000e+02
   4.1400000e+02   2.4400000e+02
   4.1400000e+02   2.7100000e+02
   3.9800000e+02   3.1200000e+02
   2.6500000e+02   2.3700000e+02
   3.4500000e+02   2.4000000e+02
   2.3100000e+02   2.1300000e+02
   2.6100000e+02   2.1100000e+02
   2.8700000e+02   2.1900000e+02
   3.2600000e+02   2.1800000e+02
   3.4800000e+02   2.1400000e+02
   3.7800000e+02   2.1800000e+02
   3.0200000e+02   2.3700000e+02
   2.8000000e+02   2.9500000e+02
   3.0100000e+02   3.0500000e+02
   3.2300000e+02   3.0100000e+02
   2.6300000e+02   3.2000000e+02
   3.0100000e+02   3.2300000e+02
   3.3700000e+02   3.2300000e+02
   2.7300000e+02   3.3500000e+02
   2.9800000e+02   3.4900000e+02
   3.2400000e+02   3.4100000e+02
