   2.8700000e+02   4.2100000e+02
   2.4900000e+02   4.0300000e+02
   2.2600000e+02   3.7500000e+02
   2.0800000e+02   3.3800000e+02
   1.9600000e+02   2.8700000e+02
   2.0500000e+02   2.3000000e+02
   2.5200000e+02   1.8800000e+02
   3.1100000e+02   1.8000000e+02
   3.5600000e+02   2.2200000e+02
   3.6600000e+02   2.6100000e+02
   3.6600000e+02   3.1100000e+02
   3.5600000e+02   3.5700000e+02
   3.2300000e+02   4.0100000e+02
   1.9800000e+02   3.3600000e+02
   1.9200000e+02   3.1700000e+02
   1.9500000e+02   3.0100000e+02
   1.6300000e+02   2.0700000e+02
   1.7900000e+02   1.2600000e+02
   2.2000000e+02   7.9000000e+01
   3.1800000e+02   6.5000000e+01
   3.8000000e+02   1.4100000e+02
   3.9200000e+02   2.3400000e+02
   3.7500000e+02   2.6400000e+02
   3.8500000e+02   2.9400000e+02
   3.6800000e+02   3.3600000e+02
   2.3700000e+02   2.9000000e+02
   3.1300000e+02   2.8600000e+02
   2.0600000e+02   2.7200000e+02
   2.2900000e+02   2.6800000e+02
   2.5100000e+02   2.7100000e+02
   2.9000000e+02   2.6600000e+02
   3.1400000e+02   2.6000000e+02
   3.3700000e+02   2.6100000e+02
   2.7300000e+02   2.8800000e+02
   2.5800000e+02   3.4000000e+02
   2.7700000e+02   3.4800000e+02
   3.0200000e+02   3.3700000e+02
   2.4700000e+02   3.6300000e+02
   2.8200000e+02   3.6300000e+02
   3.1600000e+02   3.5700000e+02
   2.5900000e+02   3.7600000e+02
   2.8500000e+02   3.8700000e+02
   3.0500000e+02   3.7700000e+02
