   2.8100000e+02   3.9500000e+02
   2.5000000e+02   3.7000000e+02
   2.3600000e+02   3.4000000e+02
   2.2100000e+02   3.0400000e+02
   2.2000000e+02   2.4100000e+02
   2.3800000e+02   1.8400000e+02
   2.7700000e+02   1.5500000e+02
   3.4500000e+02   1.5500000e+02
   3.8200000e+02   2.0800000e+02
   3.9200000e+02   2.6600000e+02
   3.8700000e+02   3.2000000e+02
   3.6000000e+02   3.5400000e+02
   3.2000000e+02   3.8600000e+02
   2.1800000e+02   2.9500000e+02
   2.1700000e+02   2.6300000e+02
   2.1600000e+02   2.4900000e+02
   2.0300000e+02   1.8200000e+02
   2.2800000e+02   1.1100000e+02
   2.8500000e+02   6.3000000e+01
   3.9100000e+02   7.0000000e+01
   4.5900000e+02   1.4600000e+02
   4.6800000e+02   2.0800000e+02
   4.1500000e+02   2.5600000e+02
   4.1700000e+02   2.9200000e+02
   3.9800000e+02   3.2200000e+02
   2.4900000e+02   2.5000000e+02
   3.2200000e+02   2.5700000e+02
   2.2600000e+02   2.2700000e+02
   2.4200000e+02   2.2600000e+02
   2.6200000e+02   2.3400000e+02
   3.0300000e+02   2.3700000e+02
   3.2500000e+02   2.3400000e+02
   3.5200000e+02   2.4100000e+02
   2.7800000e+02   2.5200000e+02
   2.5800000e+02   3.0600000e+02
   2.7400000e+02   3.1500000e+02
   2.9800000e+02   3.1100000e+02
   2.5100000e+02   3.2600000e+02
   2.7900000e+02   3.3100000e+02
   3.1900000e+02   3.3200000e+02
   2.5700000e+02   3.4300000e+02
   2.7400000e+02   3.5800000e+02
   3.0400000e+02   3.5100000e+02
