   2.6700000e+02   4.2800000e+02
   2.3200000e+02   4.0200000e+02
   2.1800000e+02   3.7700000e+02
   2.0100000e+02   3.3400000e+02
   2.0300000e+02   2.7400000e+02
   2.2900000e+02   2.0800000e+02
   2.6800000e+02   1.7900000e+02
   3.4200000e+02   1.8900000e+02
   3.7400000e+02   2.4500000e+02
   3.8100000e+02   2.7700000e+02
   3.7700000e+02   3.3100000e+02
   3.5400000e+02   3.8300000e+02
   3.1200000e+02   4.1700000e+02
   1.9900000e+02   3.1500000e+02
   1.9100000e+02   2.9700000e+02
   1.9700000e+02   2.7700000e+02
   1.8100000e+02   1.8700000e+02
   2.2100000e+02   1.1600000e+02
   2.7900000e+02   6.8000000e+01
   3.8000000e+02   8.1000000e+01
   4.3800000e+02   1.6400000e+02
   4.5000000e+02   2.2200000e+02
   4.1700000e+02   2.6400000e+02
   4.1100000e+02   3.0200000e+02
   3.8500000e+02   3.3200000e+02
   2.4100000e+02   2.7900000e+02
   3.2200000e+02   2.8800000e+02
   2.1600000e+02   2.5300000e+02
   2.3800000e+02   2.5300000e+02
   2.6200000e+02   2.6300000e+02
   3.0300000e+02   2.6600000e+02
   3.2500000e+02   2.6200000e+02
   3.4800000e+02   2.6800000e+02
   2.7900000e+02   2.8300000e+02
   2.5100000e+02   3.3500000e+02
   2.7000000e+02   3.4600000e+02
   2.9700000e+02   3.4500000e+02
   2.3600000e+02   3.6000000e+02
   2.6900000e+02   3.6700000e+02
   3.1000000e+02   3.6700000e+02
   2.4500000e+02   3.7700000e+02
   2.6800000e+02   3.9300000e+02
   2.9500000e+02   3.8400000e+02
