   2.8200000e+02   4.2100000e+02
   2.4500000e+02   3.9700000e+02
   2.3100000e+02   3.6900000e+02
   2.1500000e+02   3.1700000e+02
   2.2200000e+02   2.5200000e+02
   2.4700000e+02   1.9300000e+02
   2.9500000e+02   1.7600000e+02
   3.6900000e+02   1.8100000e+02
   3.9900000e+02   2.2600000e+02
   4.0100000e+02   2.7200000e+02
   3.8800000e+02   3.3700000e+02
   3.5800000e+02   3.8700000e+02
   3.2500000e+02   4.0800000e+02
   2.1500000e+02   3.0100000e+02
   2.0800000e+02   2.8300000e+02
   2.1700000e+02   2.6200000e+02
   2.1400000e+02   1.7400000e+02
   2.4400000e+02   1.0900000e+02
   3.1100000e+02   6.6000000e+01
   4.2800000e+02   8.0000000e+01
   4.6800000e+02   1.7300000e+02
   4.6800000e+02   2.3100000e+02
   4.3000000e+02   2.7400000e+02
   4.1900000e+02   3.0600000e+02
   3.9600000e+02   3.4500000e+02
   2.5500000e+02   2.6600000e+02
   3.3200000e+02   2.7700000e+02
   2.3100000e+02   2.3900000e+02
   2.4800000e+02   2.4200000e+02
   2.6600000e+02   2.5200000e+02
   3.1500000e+02   2.5700000e+02
   3.3800000e+02   2.5600000e+02
   3.6600000e+02   2.6300000e+02
   2.8600000e+02   2.6900000e+02
   2.5900000e+02   3.2800000e+02
   2.7600000e+02   3.3600000e+02
   3.0600000e+02   3.3200000e+02
   2.5100000e+02   3.5000000e+02
   2.8100000e+02   3.5600000e+02
   3.2000000e+02   3.5700000e+02
   2.5400000e+02   3.7000000e+02
   2.8100000e+02   3.8800000e+02
   3.0900000e+02   3.7600000e+02
