   2.7600000e+02   4.2000000e+02
   2.4200000e+02   4.0100000e+02
   2.2300000e+02   3.7700000e+02
   2.0400000e+02   3.2800000e+02
   1.9800000e+02   2.7300000e+02
   2.1300000e+02   2.1700000e+02
   2.5000000e+02   1.7900000e+02
   3.1000000e+02   1.7900000e+02
   3.4800000e+02   2.1900000e+02
   3.7500000e+02   2.6200000e+02
   3.7300000e+02   3.2500000e+02
   3.4900000e+02   3.7600000e+02
   3.2000000e+02   4.0500000e+02
   1.9600000e+02   3.2100000e+02
   1.9000000e+02   3.0100000e+02
   1.9300000e+02   2.7400000e+02
   1.7600000e+02   1.9800000e+02
   2.0000000e+02   1.3200000e+02
   2.4200000e+02   6.7000000e+01
   3.5800000e+02   7.3000000e+01
   3.9500000e+02   1.3900000e+02
   4.0400000e+02   2.0400000e+02
   3.9800000e+02   2.4800000e+02
   4.0000000e+02   2.8400000e+02
   3.8300000e+02   3.2400000e+02
   2.3400000e+02   2.8200000e+02
   3.1300000e+02   2.8100000e+02
   2.0700000e+02   2.5800000e+02
   2.3000000e+02   2.5800000e+02
   2.4800000e+02   2.6600000e+02
   2.9100000e+02   2.6400000e+02
   3.1100000e+02   2.5700000e+02
   3.3700000e+02   2.5800000e+02
   2.6900000e+02   2.8100000e+02
   2.5100000e+02   3.3800000e+02
   2.6900000e+02   3.4700000e+02
   2.9400000e+02   3.3400000e+02
   2.4100000e+02   3.5900000e+02
   2.7400000e+02   3.5900000e+02
   3.1100000e+02   3.5600000e+02
   2.4900000e+02   3.7400000e+02
   2.7200000e+02   3.8700000e+02
   3.0100000e+02   3.7500000e+02
