   2.5500000e+02   3.8000000e+02
   2.2500000e+02   3.5400000e+02
   2.1400000e+02   3.2300000e+02
   2.0500000e+02   2.8400000e+02
   2.1200000e+02   2.2800000e+02
   2.4700000e+02   1.5400000e+02
   3.0000000e+02   1.3500000e+02
   3.6100000e+02   1.5500000e+02
   3.9100000e+02   2.1000000e+02
   3.9400000e+02   2.5200000e+02
   3.8200000e+02   3.0700000e+02
   3.4900000e+02   3.4900000e+02
   3.1000000e+02   3.7400000e+02
   1.9600000e+02   2.7500000e+02
   1.9800000e+02   2.4800000e+02
   2.1000000e+02   2.1000000e+02
   1.7400000e+02   1.8300000e+02
   2.1900000e+02   1.1500000e+02
   2.8300000e+02   5.8000000e+01
   4.0100000e+02   7.5000000e+01
   4.4800000e+02   1.5400000e+02
   4.5800000e+02   2.1600000e+02
   4.2700000e+02   2.5700000e+02
   4.1600000e+02   2.8300000e+02
   3.8900000e+02   3.1000000e+02
   2.4400000e+02   2.2500000e+02
   3.2500000e+02   2.4000000e+02
   2.1700000e+02   1.9500000e+02
   2.4000000e+02   1.9600000e+02
   2.6000000e+02   2.0600000e+02
   3.0900000e+02   2.1800000e+02
   3.3400000e+02   2.1700000e+02
   3.5500000e+02   2.2500000e+02
   2.7700000e+02   2.3100000e+02
   2.4600000e+02   2.8000000e+02
   2.6200000e+02   2.9300000e+02
   2.9300000e+02   2.8700000e+02
   2.3500000e+02   3.0700000e+02
   2.6700000e+02   3.1500000e+02
   3.0700000e+02   3.2100000e+02
   2.4200000e+02   3.2600000e+02
   2.5900000e+02   3.4400000e+02
   2.8900000e+02   3.3900000e+02
