   2.9300000e+02   4.1000000e+02
   2.5700000e+02   3.8900000e+02
   2.3500000e+02   3.6200000e+02
   2.1700000e+02   3.2100000e+02
   2.1500000e+02   2.6700000e+02
   2.2800000e+02   2.0500000e+02
   2.6900000e+02   1.7300000e+02
   3.3200000e+02   1.7800000e+02
   3.7400000e+02   2.1200000e+02
   3.9100000e+02   2.5400000e+02
   3.8600000e+02   3.1000000e+02
   3.6600000e+02   3.6300000e+02
   3.3500000e+02   3.9300000e+02
   2.1300000e+02   3.0900000e+02
   2.0900000e+02   2.8600000e+02
   2.1000000e+02   2.6600000e+02
   1.9100000e+02   1.7700000e+02
   2.1600000e+02   1.1600000e+02
   2.6300000e+02   6.8000000e+01
   3.8700000e+02   6.2000000e+01
   4.4000000e+02   1.4600000e+02
   4.3700000e+02   2.2700000e+02
   4.2100000e+02   2.4900000e+02
   4.1700000e+02   2.8800000e+02
   3.9300000e+02   3.1900000e+02
   2.5000000e+02   2.6100000e+02
   3.2700000e+02   2.6300000e+02
   2.2500000e+02   2.3900000e+02
   2.4300000e+02   2.3700000e+02
   2.6700000e+02   2.4400000e+02
   3.1100000e+02   2.4100000e+02
   3.3600000e+02   2.3800000e+02
   3.5900000e+02   2.4300000e+02
   2.8500000e+02   2.6100000e+02
   2.6400000e+02   3.1600000e+02
   2.7800000e+02   3.2600000e+02
   3.0300000e+02   3.1800000e+02
   2.5500000e+02   3.4300000e+02
   2.8700000e+02   3.4500000e+02
   3.2100000e+02   3.4500000e+02
   2.6300000e+02   3.6100000e+02
   2.8600000e+02   3.7400000e+02
   3.1300000e+02   3.6100000e+02
