   2.6500000e+02   3.7800000e+02
   2.3200000e+02   3.5100000e+02
   2.1500000e+02   3.1900000e+02
   2.0700000e+02   2.7200000e+02
   2.1200000e+02   2.0900000e+02
   2.4300000e+02   1.6600000e+02
   2.9500000e+02   1.3800000e+02
   3.5200000e+02   1.5400000e+02
   3.8600000e+02   2.0200000e+02
   3.8800000e+02   2.4400000e+02
   3.7800000e+02   2.9400000e+02
   3.4600000e+02   3.4400000e+02
   3.2000000e+02   3.6200000e+02
   2.0200000e+02   2.6600000e+02
   1.9700000e+02   2.3700000e+02
   2.0500000e+02   2.0600000e+02
   1.9200000e+02   1.6800000e+02
   2.2200000e+02   1.0600000e+02
   2.8200000e+02   5.8000000e+01
   3.8600000e+02   6.9000000e+01
   4.3500000e+02   1.3900000e+02
   4.5000000e+02   2.3400000e+02
   3.9400000e+02   2.4700000e+02
   3.9800000e+02   2.7800000e+02
   3.8200000e+02   3.0500000e+02
   2.5400000e+02   2.2800000e+02
   3.3600000e+02   2.4700000e+02
   2.3200000e+02   2.0200000e+02
   2.5700000e+02   2.0500000e+02
   2.7600000e+02   2.1700000e+02
   3.2200000e+02   2.2600000e+02
   3.4500000e+02   2.2600000e+02
   3.6700000e+02   2.3600000e+02
   2.9400000e+02   2.3900000e+02
   2.6100000e+02   2.9000000e+02
   2.8000000e+02   3.0000000e+02
   3.0300000e+02   3.0000000e+02
   2.4600000e+02   3.0900000e+02
   2.7600000e+02   3.2000000e+02
   3.1800000e+02   3.2100000e+02
   2.5400000e+02   3.3100000e+02
   2.7600000e+02   3.4400000e+02
   3.0000000e+02   3.3800000e+02
