   2.7500000e+02   3.8400000e+02
   2.4000000e+02   3.6200000e+02
   2.2300000e+02   3.3200000e+02
   2.0700000e+02   2.9500000e+02
   2.0700000e+02   2.3300000e+02
   2.2600000e+02   1.7300000e+02
   2.6500000e+02   1.3800000e+02
   3.3500000e+02   1.3800000e+02
   3.7100000e+02   1.8300000e+02
   3.8900000e+02   2.2800000e+02
   3.8600000e+02   2.9100000e+02
   3.6100000e+02   3.3300000e+02
   3.1900000e+02   3.6900000e+02
   2.0200000e+02   2.8700000e+02
   1.9100000e+02   2.5300000e+02
   2.0100000e+02   2.2400000e+02
   1.7700000e+02   1.9200000e+02
   2.0200000e+02   1.3000000e+02
   2.5200000e+02   6.2000000e+01
   3.6200000e+02   6.2000000e+01
   4.1100000e+02   1.1400000e+02
   4.3700000e+02   1.8900000e+02
   4.1700000e+02   2.2000000e+02
   4.1800000e+02   2.6100000e+02
   3.9400000e+02   2.9500000e+02
   2.4200000e+02   2.3200000e+02
   3.2200000e+02   2.3800000e+02
   2.1700000e+02   2.0700000e+02
   2.4100000e+02   2.0700000e+02
   2.6300000e+02   2.1500000e+02
   2.9700000e+02   2.1600000e+02
   3.2300000e+02   2.1400000e+02
   3.4900000e+02   2.1800000e+02
   2.7600000e+02   2.3400000e+02
   2.5300000e+02   2.8500000e+02
   2.6800000e+02   2.9600000e+02
   2.9600000e+02   2.8700000e+02
   2.4500000e+02   3.1000000e+02
   2.7500000e+02   3.1500000e+02
   3.1500000e+02   3.1800000e+02
   2.4800000e+02   3.2800000e+02
   2.6900000e+02   3.4700000e+02
   3.0500000e+02   3.3500000e+02
