   2.8600000e+02   4.3300000e+02
   2.5600000e+02   4.1700000e+02
   2.3400000e+02   3.9600000e+02
   2.0900000e+02   3.5300000e+02
   1.9900000e+02   2.9000000e+02
   2.0800000e+02   2.3700000e+02
   2.3400000e+02   2.0500000e+02
   2.9900000e+02   1.9700000e+02
   3.4700000e+02   2.3200000e+02
   3.6800000e+02   2.7600000e+02
   3.6900000e+02   3.3300000e+02
   3.5500000e+02   3.8200000e+02
   3.2900000e+02   4.0900000e+02
   2.0800000e+02   3.6300000e+02
   1.9500000e+02   3.3800000e+02
   1.9600000e+02   3.1000000e+02
   1.6000000e+02   2.2200000e+02
   1.6900000e+02   1.6700000e+02
   2.1000000e+02   8.7000000e+01
   3.2900000e+02   7.4000000e+01
   3.9400000e+02   1.3200000e+02
   4.1300000e+02   2.0300000e+02
   3.8400000e+02   2.6600000e+02
   3.9000000e+02   2.9800000e+02
   3.7700000e+02   3.2700000e+02
   2.3300000e+02   2.9900000e+02
   3.1300000e+02   2.9000000e+02
   2.0900000e+02   2.8100000e+02
   2.2700000e+02   2.7800000e+02
   2.4800000e+02   2.8300000e+02
   2.8900000e+02   2.7500000e+02
   3.1200000e+02   2.6900000e+02
   3.3800000e+02   2.7000000e+02
   2.6900000e+02   2.9500000e+02
   2.5300000e+02   3.4900000e+02
   2.7000000e+02   3.5500000e+02
   2.9100000e+02   3.4900000e+02
   2.4500000e+02   3.7000000e+02
   2.7800000e+02   3.6900000e+02
   3.1300000e+02   3.6600000e+02
   2.5500000e+02   3.8600000e+02
   2.7900000e+02   3.9700000e+02
   3.0500000e+02   3.8300000e+02
