   2.6000000e+02   4.0400000e+02
   2.2900000e+02   3.8900000e+02
   2.0500000e+02   3.5500000e+02
   1.8700000e+02   3.1700000e+02
   1.8100000e+02   2.4900000e+02
   1.8800000e+02   1.9600000e+02
   2.2400000e+02   1.5600000e+02
   3.0800000e+02   1.4800000e+02
   3.6200000e+02   2.0400000e+02
   3.6300000e+02   2.4400000e+02
   3.6000000e+02   3.0000000e+02
   3.4300000e+02   3.4300000e+02
   3.0800000e+02   3.8500000e+02
   1.8400000e+02   3.1700000e+02
   1.7900000e+02   2.9900000e+02
   1.8100000e+02   2.7300000e+02
   1.6500000e+02   1.9700000e+02
   1.8100000e+02   1.3800000e+02
   2.3100000e+02   8.1000000e+01
   3.2500000e+02   7.6000000e+01
   3.8100000e+02   1.2700000e+02
   4.0400000e+02   2.0100000e+02
   3.8200000e+02   2.4300000e+02
   3.8400000e+02   2.7000000e+02
   3.6700000e+02   3.0000000e+02
   2.1500000e+02   2.5700000e+02
   2.9300000e+02   2.5900000e+02
   1.9100000e+02   2.3300000e+02
   2.0700000e+02   2.2900000e+02
   2.3200000e+02   2.3700000e+02
   2.7600000e+02   2.3600000e+02
   2.9900000e+02   2.3200000e+02
   3.2300000e+02   2.3800000e+02
   2.5200000e+02   2.5800000e+02
   2.3000000e+02   3.1800000e+02
   2.4700000e+02   3.2200000e+02
   2.7400000e+02   3.1800000e+02
   2.2200000e+02   3.3900000e+02
   2.5300000e+02   3.4200000e+02
   2.9200000e+02   3.4100000e+02
   2.3000000e+02   3.5500000e+02
   2.5200000e+02   3.6800000e+02
   2.7900000e+02   3.5800000e+02
