   3.4100000e+02   4.0600000e+02
   3.0800000e+02   3.9400000e+02
   2.8000000e+02   3.6000000e+02
   2.6300000e+02   3.0500000e+02
   2.5800000e+02   2.4800000e+02
   2.8800000e+02   1.8500000e+02
   3.2600000e+02   1.6100000e+02
   4.0200000e+02   1.6400000e+02
   4.3000000e+02   1.9900000e+02
   4.3800000e+02   2.4300000e+02
   4.2900000e+02   3.0500000e+02
   4.1000000e+02   3.5200000e+02
   3.8000000e+02   3.8400000e+02
   2.5400000e+02   3.0400000e+02
   2.3900000e+02   2.7600000e+02
   2.4400000e+02   2.3700000e+02
   2.2500000e+02   1.6900000e+02
   2.7100000e+02   1.0100000e+02
   3.2200000e+02   7.5000000e+01
   3.9800000e+02   7.6000000e+01
   4.5700000e+02   1.3300000e+02
   4.7700000e+02   2.0100000e+02
   4.5700000e+02   2.4600000e+02
   4.5600000e+02   2.8000000e+02
   4.3600000e+02   3.1000000e+02
   3.0900000e+02   2.6100000e+02
   3.8600000e+02   2.6300000e+02
   2.7700000e+02   2.3800000e+02
   2.9900000e+02   2.3400000e+02
   3.2500000e+02   2.4100000e+02
   3.6900000e+02   2.4200000e+02
   3.9200000e+02   2.3600000e+02
   4.1300000e+02   2.4100000e+02
   3.4500000e+02   2.6200000e+02
   3.2200000e+02   3.1700000e+02
   3.4300000e+02   3.2700000e+02
   3.6500000e+02   3.2000000e+02
   3.0600000e+02   3.4100000e+02
   3.4100000e+02   3.4400000e+02
   3.7800000e+02   3.4200000e+02
   3.1700000e+02   3.5600000e+02
   3.3900000e+02   3.6900000e+02
   3.6500000e+02   3.5900000e+02
