   2.7300000e+02   3.9000000e+02
   2.3900000e+02   3.7700000e+02
   2.1900000e+02   3.5600000e+02
   1.9500000e+02   3.1700000e+02
   1.8200000e+02   2.7600000e+02
   1.8100000e+02   2.1700000e+02
   2.0900000e+02   1.5300000e+02
   2.8900000e+02   1.3400000e+02
   3.4000000e+02   1.6800000e+02
   3.5600000e+02   2.0900000e+02
   3.5600000e+02   2.7900000e+02
   3.3900000e+02   3.2800000e+02
   3.1200000e+02   3.6900000e+02
   1.8800000e+02   3.0500000e+02
   1.7600000e+02   2.8600000e+02
   1.7500000e+02   2.5800000e+02
   1.4000000e+02   2.0900000e+02
   1.6100000e+02   1.3700000e+02
   2.0200000e+02   8.9000000e+01
   2.9300000e+02   7.4000000e+01
   3.5900000e+02   1.2200000e+02
   3.8400000e+02   1.6100000e+02
   3.8500000e+02   2.0300000e+02
   3.8500000e+02   2.3500000e+02
   3.6400000e+02   2.7800000e+02
   2.1600000e+02   2.5100000e+02
   2.9400000e+02   2.4200000e+02
   1.8600000e+02   2.3000000e+02
   2.0900000e+02   2.2700000e+02
   2.3200000e+02   2.2900000e+02
   2.6900000e+02   2.2100000e+02
   2.9400000e+02   2.0900000e+02
   3.1700000e+02   2.0900000e+02
   2.5000000e+02   2.4600000e+02
   2.3400000e+02   3.0700000e+02
   2.5300000e+02   3.0900000e+02
   2.7900000e+02   3.0000000e+02
   2.3000000e+02   3.3100000e+02
   2.6100000e+02   3.2900000e+02
   2.9800000e+02   3.2100000e+02
   2.4100000e+02   3.4400000e+02
   2.6500000e+02   3.5400000e+02
   2.8800000e+02   3.4100000e+02
