   2.6500000e+02   4.0400000e+02
   2.3800000e+02   3.8100000e+02
   2.2100000e+02   3.5100000e+02
   2.0800000e+02   3.1000000e+02
   2.0700000e+02   2.4700000e+02
   2.1900000e+02   1.9200000e+02
   2.6100000e+02   1.5500000e+02
   3.3400000e+02   1.5800000e+02
   3.7500000e+02   2.0800000e+02
   3.8300000e+02   2.6000000e+02
   3.7400000e+02   3.1500000e+02
   3.5600000e+02   3.5600000e+02
   3.0700000e+02   3.9100000e+02
   2.0500000e+02   2.9200000e+02
   2.0000000e+02   2.6900000e+02
   2.0200000e+02   2.5600000e+02
   1.8500000e+02   1.8300000e+02
   2.1600000e+02   1.0100000e+02
   2.6700000e+02   6.2000000e+01
   3.7500000e+02   6.4000000e+01
   4.2200000e+02   1.2200000e+02
   4.4100000e+02   2.2100000e+02
   4.0000000e+02   2.5400000e+02
   3.9800000e+02   2.8500000e+02
   3.7900000e+02   3.1100000e+02
   2.3900000e+02   2.5400000e+02
   3.2000000e+02   2.6200000e+02
   2.1400000e+02   2.3100000e+02
   2.3300000e+02   2.3200000e+02
   2.5300000e+02   2.3900000e+02
   3.0100000e+02   2.4000000e+02
   3.2400000e+02   2.3800000e+02
   3.4900000e+02   2.4200000e+02
   2.7900000e+02   2.5800000e+02
   2.4900000e+02   3.1400000e+02
   2.6700000e+02   3.2300000e+02
   2.9300000e+02   3.1800000e+02
   2.4000000e+02   3.3300000e+02
   2.7200000e+02   3.4000000e+02
   3.1500000e+02   3.3900000e+02
   2.4700000e+02   3.5000000e+02
   2.6800000e+02   3.6800000e+02
   2.9700000e+02   3.5700000e+02
