   2.9200000e+02   4.0500000e+02
   2.5800000e+02   3.8800000e+02
   2.3600000e+02   3.5400000e+02
   2.1900000e+02   3.1000000e+02
   2.1400000e+02   2.5200000e+02
   2.3400000e+02   1.8900000e+02
   2.7400000e+02   1.5100000e+02
   3.4200000e+02   1.4400000e+02
   3.8300000e+02   1.8700000e+02
   4.0200000e+02   2.4400000e+02
   3.8900000e+02   3.1400000e+02
   3.6200000e+02   3.6000000e+02
   3.3000000e+02   3.8900000e+02
   2.1200000e+02   2.9600000e+02
   2.0900000e+02   2.7500000e+02
   2.1000000e+02   2.5900000e+02
   1.9100000e+02   1.9100000e+02
   2.2200000e+02   1.1300000e+02
   2.7400000e+02   6.3000000e+01
   3.6200000e+02   5.9000000e+01
   4.2100000e+02   1.2900000e+02
   4.5200000e+02   1.8800000e+02
   4.1800000e+02   2.4400000e+02
   4.1900000e+02   2.8500000e+02
   3.9700000e+02   3.1400000e+02
   2.5800000e+02   2.4900000e+02
   3.4400000e+02   2.5500000e+02
   2.3000000e+02   2.2500000e+02
   2.5500000e+02   2.2300000e+02
   2.7700000e+02   2.3300000e+02
   3.2100000e+02   2.3900000e+02
   3.4500000e+02   2.3400000e+02
   3.7200000e+02   2.3900000e+02
   2.9800000e+02   2.5200000e+02
   2.6700000e+02   3.1000000e+02
   2.9100000e+02   3.1900000e+02
   3.1800000e+02   3.1300000e+02
   2.5500000e+02   3.3200000e+02
   2.9300000e+02   3.3500000e+02
   3.3700000e+02   3.3600000e+02
   2.6400000e+02   3.4800000e+02
   2.9100000e+02   3.6600000e+02
   3.2200000e+02   3.5200000e+02
