   3.1000000e+02   4.2700000e+02
   2.7600000e+02   4.1000000e+02
   2.5600000e+02   3.8100000e+02
   2.3400000e+02   3.3400000e+02
   2.2700000e+02   2.7900000e+02
   2.4000000e+02   2.1100000e+02
   2.8500000e+02   1.8400000e+02
   3.5500000e+02   1.8800000e+02
   3.9600000e+02   2.2300000e+02
   4.0700000e+02   2.5800000e+02
   4.0300000e+02   3.2200000e+02
   3.8500000e+02   3.7100000e+02
   3.5100000e+02   4.0600000e+02
   2.2700000e+02   3.2700000e+02
   2.2100000e+02   3.0700000e+02
   2.2100000e+02   2.8700000e+02
   1.9200000e+02   2.1700000e+02
   2.2100000e+02   1.1700000e+02
   2.6000000e+02   5.9000000e+01
   3.8000000e+02   6.2000000e+01
   4.2200000e+02   1.3900000e+02
   4.3800000e+02   2.0900000e+02
   4.2500000e+02   2.6600000e+02
   4.1700000e+02   2.9700000e+02
   4.0800000e+02   3.2200000e+02
   2.6800000e+02   2.8100000e+02
   3.5100000e+02   2.8300000e+02
   2.4100000e+02   2.6100000e+02
   2.6300000e+02   2.5700000e+02
   2.8200000e+02   2.6400000e+02
   3.3900000e+02   2.6400000e+02
   3.6100000e+02   2.6000000e+02
   3.8000000e+02   2.6200000e+02
   3.0900000e+02   2.8100000e+02
   2.8500000e+02   3.3800000e+02
   3.0900000e+02   3.4500000e+02
   3.3500000e+02   3.3400000e+02
   2.7100000e+02   3.5700000e+02
   3.0900000e+02   3.6200000e+02
   3.4900000e+02   3.5900000e+02
   2.8300000e+02   3.7400000e+02
   3.0800000e+02   3.8900000e+02
   3.3200000e+02   3.7700000e+02
